1
16 80
00000000000000000000000000000000000000000000000000000000000000000000000000000000
00000000000000000000000000000000000000000000000000000000000000000000000000000000
00000000000000000000000000000000000000000000000000000000000000000000000000000000
00000000000000000000000000000000000000000000000000000000000000000000000000000000
00000000000000000000000000000000000000000000000000000000000000000000000000000000
00000000000000000000000000000000000000000000000000000000000000000000000000000000
00000000000000011101101100010111011011000101100010001101001001101110110000000000
00000000000000011101101100010111011011000101100010001101001001101110110000000000
00000000000000011101101100010111011011000101100010001101001001101110110000000000
00000000000000011101101100010111011011000101100010001101001001101110110000000000
00000000000000011101101100010111011011000101100010001101001001101110110000000000
00000000000000011101101100010111011011000101100010001101001001101110110000000000
00000000000000011101101100010111011011000101100010001101001001101110110000000000
00000000000000000000000000000000000000000000000000000000000000000000000000000000
00000000000000000000000000000000000000000000000000000000000000000000000000000000
00000000000000000000000000000000000000000000000000000000000000000000000000000000